%YAML:1.0

image_width: 2080
image_height: 1552
board_width: 9
board_height: 7
camera_matrix: !!opencv-matrix
   rows: 3
   cols: 3
   dt: d
   data: [ 4.58919332e+03, 0., 9.80394099e+02, 0., 4.57515453e+03, 8.55241507e+02, 0., 0., 1.]
distortion_coefficients: !!opencv-matrix
   rows: 5
   cols: 1
   dt: d
   data: [-3.80042696e-01, 4.09872137e+00, 3.80644239e-03, -5.08768636e-03, -2.78615343e+01]
