%YAML:1.0

image_width: 800
image_height: 600
board_width: 9
board_height: 7
camera_matrix: !!opencv-matrix
   rows: 3
   cols: 3
   dt: d
   data: [ 888.90846416, 0., 396.15127091, 0., 887.96952271, 307.11939816, 0., 0., 1.]
distortion_coefficients: !!opencv-matrix
   rows: 5
   cols: 1
   dt: d
   data: [-3.35740059e-02, 7.45748943e-01, 8.76497518e-04, -2.63317692e-03, -2.84789334e+00]
