%YAML:1.0

image_width: 1280
image_height: 960
board_width: 9
board_height: 7
camera_matrix: !!opencv-matrix
   rows: 3
   cols: 3
   dt: d
   data: [ 1.42917682e+03, 0., 6.37272294e+02, 0., 1.42391292e+03, 4.90573938e+02, 0., 0., 1.]
distortion_coefficients: !!opencv-matrix
   rows: 5
   cols: 1
   dt: d
   data: [-5.50163950e-02, 6.02037858e-01, -1.50285367e-03, -1.26573889e-03, -1.79137895e+00]
