%YAML:1.0

image_width: 1040
image_height: 776
board_width: 9
board_height: 7
camera_matrix: !!opencv-matrix
   rows: 3
   cols: 3
   dt: d
   data: [ 2.32178141e+03, 0., 5.37643950e+02, 0., 2.31815119e+03, 4.68536195e+02, 0., 0., 1.]
distortion_coefficients: !!opencv-matrix
   rows: 5
   cols: 1
   dt: d
   data: [-3.10603580e-01,   2.85557687e+00,   4.60795332e-03,  -1.54217795e-03,  -3.01331143e+01]
